344 (64, 92)
345 (19, 75)
346 (56, 84)
347 (62, 94)
340 (83, 55)
341 (18, 24)
342 (47, 60)
343 (97, 22)
348 (36, 2)
349 (34, 15)
298 (30, 99)
299 (16, 27)
296 (38, 70)
297 (75, 41)
294 (50, 44)
295 (42, 86)
292 (96, 67)
293 (7, 71)
290 (28, 2)
291 (18, 83)
199 (35, 62)
198 (80, 3)
195 (32, 40)
194 (19, 1)
197 (1, 68)
196 (84, 71)
191 (80, 48)
190 (81, 30)
193 (11, 57)
192 (72, 85)
270 (60, 2)
271 (3, 100)
272 (23, 95)
273 (82, 96)
274 (71, 65)
275 (0, 86)
276 (69, 64)
277 (86, 29)
278 (55, 78)
279 (33, 87)
449 (47, 38)
448 (97, 90)
443 (25, 16)
442 (28, 3)
441 (68, 88)
440 (15, 41)
447 (22, 0)
446 (74, 49)
445 (73, 0)
444 (47, 15)
108 (10, 42)
109 (35, 34)
102 (28, 54)
103 (5, 39)
100 (56, 47)
101 (26, 28)
106 (32, 2)
107 (10, 45)
104 (42, 10)
105 (99, 93)
39 (43, 32)
38 (32, 52)
33 (40, 59)
32 (49, 81)
31 (23, 87)
30 (3, 65)
37 (40, 67)
36 (40, 81)
35 (51, 19)
34 (36, 54)
438 (67, 44)
439 (23, 39)
436 (46, 25)
437 (30, 98)
434 (0, 69)
435 (26, 18)
432 (68, 50)
433 (80, 25)
430 (88, 63)
431 (75, 13)
339 (94, 8)
338 (96, 10)
335 (39, 67)
334 (54, 58)
337 (43, 28)
336 (73, 28)
331 (0, 50)
330 (62, 39)
333 (86, 78)
332 (75, 68)
6 (54, 98)
99 (78, 70)
98 (86, 6)
91 (46, 65)
90 (60, 13)
93 (76, 40)
92 (47, 49)
95 (98, 4)
94 (42, 12)
97 (3, 29)
96 (47, 22)
238 (67, 68)
239 (96, 55)
234 (81, 69)
235 (100, 100)
236 (97, 82)
237 (85, 73)
230 (43, 61)
231 (55, 91)
232 (9, 11)
233 (95, 82)
1 (81, 99)
146 (48, 69)
147 (91, 52)
144 (40, 46)
145 (50, 33)
142 (94, 94)
143 (47, 0)
140 (54, 25)
141 (100, 19)
148 (49, 59)
149 (77, 61)
133 (92, 58)
132 (23, 29)
131 (33, 99)
130 (43, 8)
498 (56, 87)
136 (88, 55)
135 (83, 35)
134 (22, 64)
494 (90, 60)
495 (45, 93)
496 (27, 5)
497 (23, 75)
490 (66, 39)
491 (31, 70)
492 (34, 5)
493 (34, 30)
24 (65, 4)
25 (40, 64)
26 (50, 25)
27 (86, 48)
20 (79, 63)
21 (59, 1)
22 (99, 13)
23 (66, 96)
28 (61, 76)
29 (10, 48)
407 (12, 71)
406 (41, 41)
405 (57, 59)
404 (87, 21)
403 (92, 57)
402 (17, 51)
401 (67, 72)
400 (17, 45)
409 (40, 91)
408 (17, 58)
379 (35, 66)
378 (76, 44)
371 (34, 61)
370 (15, 84)
373 (42, 44)
372 (38, 51)
375 (54, 13)
374 (84, 37)
377 (39, 12)
376 (47, 85)
393 (13, 62)
392 (84, 77)
391 (88, 4)
89 (94, 55)
397 (96, 15)
396 (27, 38)
395 (7, 67)
394 (23, 32)
82 (12, 97)
181 (98, 12)
399 (13, 21)
81 (55, 83)
86 (81, 62)
87 (13, 100)
84 (45, 51)
85 (43, 20)
7 (15, 44)
245 (85, 96)
244 (60, 96)
247 (28, 49)
246 (82, 93)
241 (93, 45)
240 (24, 40)
243 (73, 20)
242 (24, 78)
249 (16, 100)
248 (91, 34)
458 (93, 84)
459 (26, 36)
450 (96, 8)
451 (68, 25)
452 (0, 69)
453 (83, 41)
454 (68, 19)
455 (88, 87)
456 (77, 95)
457 (20, 49)
179 (61, 72)
178 (20, 87)
177 (86, 45)
176 (4, 42)
175 (78, 34)
174 (14, 48)
173 (51, 5)
172 (47, 74)
171 (21, 17)
170 (64, 25)
253 (41, 34)
182 (56, 1)
183 (3, 72)
180 (17, 82)
2 (20, 47)
186 (7, 34)
187 (94, 41)
184 (28, 22)
185 (50, 28)
188 (39, 57)
189 (95, 11)
11 (67, 88)
10 (34, 44)
13 (78, 14)
12 (16, 59)
15 (78, 46)
14 (67, 40)
17 (32, 35)
16 (33, 45)
19 (68, 72)
18 (92, 41)
322 (27, 89)
323 (5, 55)
320 (22, 66)
321 (73, 7)
326 (69, 51)
327 (20, 90)
324 (54, 78)
325 (21, 47)
328 (97, 72)
329 (38, 34)
201 (39, 30)
200 (1, 29)
203 (63, 82)
202 (82, 87)
205 (86, 62)
204 (89, 89)
207 (39, 30)
206 (61, 84)
209 (68, 65)
208 (32, 46)
77 (53, 36)
76 (76, 6)
75 (81, 85)
74 (48, 19)
73 (82, 62)
72 (23, 54)
71 (81, 4)
70 (75, 21)
79 (88, 15)
78 (24, 0)
8 (59, 41)
120 (5, 83)
121 (90, 45)
122 (14, 92)
123 (94, 19)
124 (85, 35)
125 (97, 16)
126 (40, 21)
127 (88, 40)
128 (66, 62)
129 (69, 11)
414 (40, 37)
415 (68, 82)
416 (35, 34)
417 (67, 6)
410 (38, 78)
411 (39, 66)
412 (63, 75)
413 (2, 82)
137 (56, 24)
418 (85, 98)
419 (8, 50)
499 (34, 65)
319 (92, 66)
318 (40, 77)
313 (53, 68)
312 (62, 37)
311 (21, 6)
310 (82, 60)
317 (54, 47)
316 (100, 54)
315 (7, 6)
314 (4, 64)
139 (24, 46)
138 (52, 6)
3 (22, 92)
368 (30, 63)
369 (65, 71)
366 (3, 95)
367 (3, 61)
364 (10, 86)
365 (56, 62)
362 (58, 92)
363 (14, 87)
360 (100, 72)
361 (81, 0)
380 (55, 72)
381 (52, 75)
382 (32, 52)
383 (29, 99)
384 (99, 6)
385 (80, 12)
386 (4, 17)
387 (68, 67)
388 (46, 72)
389 (2, 59)
60 (87, 29)
61 (66, 95)
258 (52, 46)
259 (20, 19)
64 (3, 17)
65 (79, 73)
66 (78, 67)
67 (86, 80)
252 (55, 16)
69 (13, 49)
250 (95, 4)
251 (8, 37)
256 (91, 6)
257 (29, 10)
254 (20, 81)
255 (93, 44)
469 (72, 87)
468 (23, 91)
465 (62, 93)
464 (24, 86)
467 (86, 65)
466 (99, 92)
461 (93, 43)
460 (14, 7)
463 (65, 42)
462 (29, 60)
168 (51, 35)
169 (93, 80)
164 (21, 55)
165 (72, 37)
166 (40, 100)
167 (13, 93)
160 (21, 1)
161 (50, 67)
162 (26, 82)
163 (18, 72)
9 (37, 82)
357 (93, 20)
356 (60, 94)
355 (91, 52)
354 (91, 63)
353 (24, 43)
352 (35, 20)
351 (92, 77)
350 (75, 60)
359 (72, 22)
358 (61, 61)
216 (23, 70)
217 (46, 29)
214 (52, 57)
215 (39, 36)
212 (71, 90)
213 (81, 45)
210 (55, 67)
211 (31, 92)
218 (91, 28)
219 (61, 62)
289 (7, 40)
288 (31, 70)
4 (73, 75)
281 (57, 52)
280 (57, 39)
283 (21, 52)
282 (43, 30)
285 (58, 54)
284 (37, 98)
287 (30, 54)
286 (26, 31)
263 (8, 80)
262 (35, 49)
261 (16, 76)
260 (81, 22)
267 (57, 52)
266 (95, 92)
265 (4, 1)
264 (64, 25)
269 (55, 3)
268 (4, 4)
59 (56, 91)
58 (99, 42)
55 (47, 77)
54 (76, 48)
57 (6, 99)
56 (93, 63)
51 (34, 31)
62 (16, 63)
53 (73, 58)
52 (39, 44)
63 (97, 92)
50 (59, 84)
115 (71, 23)
68 (23, 89)
117 (96, 95)
116 (19, 42)
111 (85, 19)
110 (26, 86)
113 (71, 91)
112 (45, 56)
119 (100, 39)
118 (4, 45)
429 (56, 91)
428 (70, 98)
421 (63, 6)
420 (12, 43)
423 (67, 49)
422 (89, 44)
425 (4, 33)
424 (93, 32)
427 (58, 94)
426 (34, 76)
308 (70, 39)
309 (11, 17)
300 (74, 52)
301 (56, 53)
302 (39, 76)
303 (7, 70)
304 (43, 76)
305 (12, 96)
306 (79, 71)
307 (49, 27)
229 (33, 99)
228 (98, 57)
227 (82, 91)
226 (94, 52)
225 (88, 26)
224 (56, 19)
223 (8, 9)
222 (24, 10)
221 (52, 26)
220 (83, 69)
114 (88, 43)
88 (90, 80)
390 (87, 46)
151 (24, 89)
150 (45, 39)
153 (31, 11)
152 (99, 20)
155 (49, 32)
154 (9, 22)
157 (27, 47)
156 (88, 68)
159 (1, 23)
158 (80, 60)
83 (96, 7)
80 (16, 64)
398 (12, 44)
48 (25, 7)
49 (82, 14)
46 (92, 60)
47 (85, 79)
44 (57, 2)
45 (43, 97)
42 (14, 90)
43 (79, 98)
40 (97, 38)
41 (89, 77)
5 (62, 26)
489 (68, 60)
488 (3, 36)
487 (14, 70)
486 (77, 46)
485 (87, 31)
484 (88, 24)
483 (86, 17)
482 (91, 21)
481 (12, 5)
480 (49, 74)
472 (7, 87)
473 (72, 31)
470 (75, 17)
471 (89, 99)
476 (84, 10)
477 (93, 61)
474 (80, 6)
475 (60, 66)
478 (29, 76)
479 (55, 43)
