344 (75, 53)
345 (76, 4)
346 (35, 24)
347 (1, 96)
340 (45, 3)
341 (18, 47)
342 (69, 19)
343 (14, 50)
348 (75, 22)
349 (53, 41)
298 (1, 27)
299 (91, 48)
296 (71, 29)
297 (20, 1)
294 (16, 25)
295 (8, 12)
292 (12, 96)
293 (20, 97)
290 (49, 47)
291 (32, 65)
199 (56, 15)
198 (13, 91)
195 (58, 51)
194 (80, 15)
197 (68, 69)
196 (81, 14)
191 (50, 61)
190 (65, 48)
193 (49, 68)
192 (24, 38)
270 (96, 8)
271 (21, 8)
272 (10, 57)
273 (13, 64)
274 (37, 48)
275 (88, 79)
276 (75, 55)
277 (30, 36)
278 (88, 76)
279 (35, 100)
449 (84, 8)
448 (3, 89)
443 (6, 87)
442 (72, 43)
441 (65, 42)
440 (57, 8)
447 (99, 14)
446 (89, 86)
445 (67, 10)
444 (7, 17)
108 (89, 24)
109 (78, 73)
102 (14, 29)
103 (88, 56)
100 (53, 69)
101 (48, 67)
106 (59, 2)
107 (91, 14)
104 (2, 37)
105 (67, 50)
39 (57, 30)
38 (59, 51)
33 (54, 17)
32 (16, 88)
31 (91, 37)
30 (56, 100)
37 (95, 93)
36 (99, 29)
35 (10, 98)
34 (9, 62)
438 (96, 51)
439 (82, 20)
436 (46, 57)
437 (38, 43)
434 (75, 61)
435 (88, 56)
432 (1, 23)
433 (41, 92)
430 (62, 85)
431 (28, 68)
339 (5, 64)
338 (26, 79)
335 (64, 29)
334 (56, 18)
337 (67, 82)
336 (49, 64)
331 (15, 0)
330 (4, 99)
333 (99, 30)
332 (53, 65)
6 (32, 65)
99 (9, 72)
98 (73, 66)
91 (52, 68)
90 (45, 71)
93 (55, 49)
92 (15, 98)
95 (87, 29)
94 (99, 45)
97 (94, 26)
96 (25, 83)
238 (78, 31)
239 (51, 0)
234 (20, 41)
235 (41, 96)
236 (22, 18)
237 (67, 19)
230 (38, 90)
231 (17, 80)
232 (31, 65)
233 (99, 34)
1 (55, 78)
146 (91, 32)
147 (40, 79)
144 (6, 90)
145 (84, 45)
142 (40, 56)
143 (57, 35)
140 (92, 79)
141 (23, 29)
148 (82, 16)
149 (62, 74)
133 (28, 65)
132 (80, 25)
131 (58, 5)
130 (63, 12)
498 (28, 30)
136 (21, 16)
135 (52, 81)
134 (10, 95)
494 (38, 74)
495 (93, 70)
496 (40, 9)
497 (46, 57)
490 (33, 70)
491 (52, 48)
492 (28, 16)
493 (30, 52)
24 (19, 55)
25 (40, 39)
26 (94, 45)
27 (15, 100)
20 (64, 85)
21 (15, 50)
22 (94, 42)
23 (21, 53)
28 (91, 72)
29 (93, 53)
407 (94, 33)
406 (17, 38)
405 (30, 88)
404 (97, 94)
403 (92, 9)
402 (68, 82)
401 (61, 31)
400 (77, 25)
409 (15, 27)
408 (10, 26)
379 (31, 65)
378 (43, 30)
371 (8, 21)
370 (81, 70)
373 (97, 4)
372 (33, 82)
375 (60, 28)
374 (84, 73)
377 (2, 26)
376 (8, 88)
393 (58, 86)
392 (42, 98)
391 (90, 96)
89 (41, 26)
397 (12, 11)
396 (19, 28)
395 (36, 34)
394 (26, 42)
82 (65, 11)
181 (73, 87)
399 (33, 90)
81 (98, 83)
86 (74, 53)
87 (26, 1)
84 (86, 96)
85 (50, 58)
7 (1, 52)
245 (0, 23)
244 (43, 24)
247 (97, 98)
246 (94, 67)
241 (89, 83)
240 (10, 45)
243 (48, 15)
242 (79, 45)
249 (32, 41)
248 (60, 14)
458 (96, 76)
459 (42, 13)
450 (1, 46)
451 (68, 81)
452 (63, 75)
453 (32, 73)
454 (7, 7)
455 (10, 81)
456 (51, 98)
457 (45, 62)
179 (50, 37)
178 (68, 38)
177 (100, 58)
176 (30, 87)
175 (10, 53)
174 (2, 31)
173 (44, 97)
172 (13, 86)
171 (93, 71)
170 (51, 13)
253 (4, 14)
182 (7, 65)
183 (56, 70)
180 (92, 48)
2 (25, 89)
186 (56, 63)
187 (69, 100)
184 (44, 73)
185 (38, 41)
188 (52, 69)
189 (39, 85)
11 (100, 49)
10 (42, 7)
13 (68, 9)
12 (24, 30)
15 (16, 74)
14 (44, 97)
17 (61, 6)
16 (54, 39)
19 (58, 23)
18 (6, 35)
322 (93, 94)
323 (28, 55)
320 (99, 89)
321 (65, 85)
326 (57, 29)
327 (48, 49)
324 (65, 62)
325 (21, 71)
328 (36, 78)
329 (44, 28)
201 (62, 53)
200 (16, 100)
203 (41, 43)
202 (19, 66)
205 (8, 62)
204 (35, 80)
207 (39, 38)
206 (48, 29)
209 (17, 62)
208 (72, 16)
77 (35, 62)
76 (17, 83)
75 (74, 40)
74 (8, 52)
73 (55, 74)
72 (16, 25)
71 (94, 60)
70 (89, 68)
79 (99, 37)
78 (32, 94)
8 (49, 85)
120 (63, 70)
121 (73, 30)
122 (15, 18)
123 (53, 74)
124 (76, 16)
125 (29, 76)
126 (34, 10)
127 (44, 60)
128 (33, 74)
129 (4, 0)
414 (50, 19)
415 (15, 54)
416 (57, 22)
417 (71, 8)
410 (25, 66)
411 (32, 80)
412 (60, 28)
413 (61, 50)
137 (10, 84)
418 (49, 95)
419 (1, 78)
499 (98, 40)
319 (59, 8)
318 (24, 38)
313 (43, 62)
312 (20, 20)
311 (34, 74)
310 (62, 84)
317 (39, 13)
316 (27, 33)
315 (30, 46)
314 (71, 0)
139 (95, 18)
138 (91, 84)
3 (42, 64)
368 (31, 84)
369 (11, 11)
366 (1, 45)
367 (41, 46)
364 (13, 85)
365 (23, 29)
362 (39, 92)
363 (84, 84)
360 (22, 95)
361 (15, 55)
380 (56, 44)
381 (32, 88)
382 (22, 39)
383 (89, 46)
384 (96, 73)
385 (96, 43)
386 (39, 86)
387 (38, 68)
388 (68, 37)
389 (38, 81)
60 (4, 44)
61 (14, 1)
258 (53, 69)
259 (78, 0)
64 (88, 36)
65 (44, 55)
66 (28, 8)
67 (81, 27)
252 (96, 98)
69 (57, 44)
250 (35, 79)
251 (96, 45)
256 (77, 25)
257 (94, 55)
254 (71, 77)
255 (32, 71)
469 (27, 59)
468 (62, 58)
465 (30, 85)
464 (73, 87)
467 (12, 56)
466 (82, 18)
461 (19, 94)
460 (73, 79)
463 (51, 50)
462 (79, 61)
168 (81, 69)
169 (82, 15)
164 (89, 75)
165 (94, 39)
166 (84, 84)
167 (34, 95)
160 (67, 20)
161 (64, 51)
162 (10, 78)
163 (54, 4)
9 (2, 41)
357 (93, 35)
356 (8, 1)
355 (28, 90)
354 (43, 62)
353 (83, 79)
352 (95, 8)
351 (89, 50)
350 (9, 58)
359 (99, 99)
358 (99, 3)
216 (15, 68)
217 (39, 43)
214 (85, 75)
215 (56, 52)
212 (0, 56)
213 (73, 88)
210 (64, 40)
211 (66, 26)
218 (69, 98)
219 (75, 66)
289 (77, 24)
288 (43, 34)
4 (89, 7)
281 (15, 97)
280 (4, 68)
283 (58, 73)
282 (0, 27)
285 (5, 21)
284 (49, 64)
287 (51, 80)
286 (98, 45)
263 (57, 37)
262 (73, 33)
261 (61, 15)
260 (100, 77)
267 (50, 75)
266 (36, 11)
265 (91, 90)
264 (14, 40)
269 (16, 51)
268 (64, 42)
59 (30, 96)
58 (88, 28)
55 (79, 39)
54 (9, 15)
57 (63, 36)
56 (63, 36)
51 (42, 55)
62 (7, 54)
53 (37, 67)
52 (42, 100)
63 (75, 15)
50 (86, 53)
115 (21, 78)
68 (47, 22)
117 (18, 66)
116 (54, 22)
111 (77, 69)
110 (60, 38)
113 (82, 39)
112 (3, 4)
119 (30, 80)
118 (51, 53)
429 (81, 7)
428 (65, 46)
421 (74, 34)
420 (48, 26)
423 (13, 97)
422 (52, 31)
425 (36, 21)
424 (62, 3)
427 (15, 79)
426 (78, 4)
308 (14, 91)
309 (73, 88)
300 (24, 50)
301 (65, 4)
302 (97, 99)
303 (3, 9)
304 (59, 52)
305 (14, 30)
306 (52, 74)
307 (9, 46)
229 (13, 65)
228 (93, 28)
227 (29, 28)
226 (7, 64)
225 (46, 12)
224 (32, 9)
223 (96, 75)
222 (20, 16)
221 (100, 93)
220 (0, 32)
114 (82, 12)
88 (28, 74)
390 (22, 41)
151 (94, 97)
150 (36, 25)
153 (27, 70)
152 (58, 63)
155 (43, 3)
154 (46, 26)
157 (7, 5)
156 (93, 31)
159 (79, 79)
158 (72, 4)
83 (99, 95)
80 (33, 64)
398 (60, 96)
48 (92, 19)
49 (66, 72)
46 (32, 59)
47 (14, 93)
44 (19, 93)
45 (24, 51)
42 (68, 45)
43 (24, 58)
40 (36, 79)
41 (76, 32)
5 (78, 20)
489 (59, 33)
488 (9, 40)
487 (4, 98)
486 (88, 61)
485 (0, 100)
484 (51, 42)
483 (37, 26)
482 (3, 32)
481 (32, 72)
480 (63, 76)
472 (60, 37)
473 (31, 43)
470 (40, 34)
471 (97, 52)
476 (85, 32)
477 (17, 6)
474 (40, 94)
475 (8, 40)
478 (84, 96)
479 (2, 90)
