24 (64, 96)
25 (73, 83)
26 (37, 44)
27 (41, 5)
20 (100, 35)
21 (22, 92)
22 (77, 31)
23 (62, 21)
28 (1, 4)
29 (34, 79)
4 (6, 83)
8 (1, 65)
59 (26, 37)
58 (37, 16)
55 (36, 38)
54 (50, 3)
57 (80, 54)
56 (56, 15)
51 (67, 69)
50 (82, 89)
53 (98, 2)
52 (20, 28)
88 (57, 100)
89 (30, 26)
82 (93, 62)
83 (18, 78)
80 (64, 87)
81 (20, 25)
86 (6, 100)
87 (34, 49)
84 (35, 93)
85 (23, 43)
3 (40, 85)
7 (19, 73)
39 (4, 31)
38 (1, 60)
33 (88, 34)
32 (60, 28)
31 (41, 51)
30 (94, 43)
37 (20, 63)
36 (70, 62)
35 (28, 39)
34 (14, 48)
60 (90, 17)
61 (62, 4)
62 (3, 36)
63 (42, 75)
64 (13, 27)
65 (29, 61)
66 (14, 14)
67 (64, 68)
68 (49, 1)
69 (28, 27)
2 (2, 9)
6 (66, 41)
99 (4, 12)
98 (87, 57)
91 (51, 70)
90 (68, 85)
93 (29, 16)
92 (37, 56)
95 (12, 57)
94 (65, 3)
97 (33, 58)
96 (44, 8)
11 (9, 19)
10 (59, 13)
13 (22, 5)
12 (91, 33)
15 (89, 20)
14 (40, 56)
17 (95, 32)
16 (22, 51)
19 (49, 55)
18 (6, 26)
48 (71, 59)
49 (21, 33)
46 (32, 44)
47 (61, 51)
44 (98, 94)
45 (48, 5)
42 (45, 97)
43 (77, 35)
40 (63, 37)
41 (44, 87)
1 (36, 83)
5 (94, 18)
9 (78, 19)
77 (49, 26)
76 (92, 4)
75 (19, 17)
74 (30, 19)
73 (88, 8)
72 (76, 35)
71 (81, 62)
70 (50, 82)
79 (75, 25)
78 (93, 17)
