344 (1, 2)
345 (82, 85)
346 (58, 37)
347 (81, 23)
340 (90, 79)
341 (56, 99)
342 (86, 49)
343 (39, 90)
348 (1, 0)
349 (21, 14)
298 (6, 79)
299 (46, 5)
296 (85, 38)
297 (97, 55)
294 (100, 63)
295 (1, 92)
292 (21, 79)
293 (94, 89)
290 (2, 45)
291 (21, 65)
199 (84, 58)
198 (54, 79)
195 (66, 21)
194 (51, 88)
197 (52, 82)
196 (16, 14)
191 (9, 72)
190 (29, 25)
193 (73, 94)
192 (66, 2)
270 (67, 29)
271 (45, 7)
272 (27, 29)
273 (30, 50)
274 (99, 25)
275 (91, 81)
276 (90, 20)
277 (27, 61)
278 (19, 97)
279 (14, 20)
449 (10, 1)
448 (95, 58)
443 (72, 66)
442 (60, 14)
441 (31, 96)
440 (46, 97)
447 (99, 50)
446 (76, 57)
445 (46, 69)
444 (23, 17)
108 (81, 60)
109 (92, 32)
102 (76, 23)
103 (98, 81)
100 (7, 58)
101 (13, 90)
106 (97, 75)
107 (67, 20)
104 (72, 30)
105 (74, 75)
39 (94, 15)
38 (33, 50)
33 (49, 55)
32 (100, 86)
31 (77, 67)
30 (93, 77)
37 (10, 50)
36 (64, 1)
35 (56, 99)
34 (59, 81)
438 (84, 40)
439 (57, 31)
436 (58, 80)
437 (98, 47)
434 (5, 56)
435 (71, 81)
432 (23, 85)
433 (43, 40)
430 (79, 91)
431 (26, 28)
339 (71, 99)
338 (75, 49)
335 (76, 20)
334 (32, 40)
337 (12, 46)
336 (46, 81)
331 (20, 48)
330 (34, 32)
333 (76, 97)
332 (86, 83)
6 (35, 46)
99 (34, 76)
98 (11, 23)
91 (17, 9)
90 (72, 75)
93 (35, 49)
92 (38, 90)
95 (46, 39)
94 (43, 51)
97 (34, 98)
96 (78, 51)
238 (94, 77)
239 (49, 59)
234 (67, 50)
235 (86, 84)
236 (9, 9)
237 (15, 86)
230 (48, 86)
231 (38, 2)
232 (33, 76)
233 (9, 59)
1 (73, 49)
146 (42, 47)
147 (26, 62)
144 (57, 57)
145 (4, 23)
142 (54, 24)
143 (53, 30)
140 (28, 78)
141 (24, 22)
148 (70, 78)
149 (55, 46)
133 (51, 29)
132 (46, 62)
131 (99, 32)
130 (10, 48)
498 (72, 71)
136 (100, 44)
135 (57, 77)
134 (34, 9)
494 (87, 70)
495 (66, 52)
496 (81, 47)
497 (39, 69)
490 (88, 25)
491 (54, 18)
492 (36, 98)
493 (98, 82)
24 (60, 38)
25 (29, 51)
26 (51, 35)
27 (12, 32)
20 (34, 8)
21 (10, 23)
22 (55, 58)
23 (48, 22)
28 (25, 39)
29 (44, 87)
407 (19, 79)
406 (32, 72)
405 (99, 72)
404 (5, 55)
403 (55, 78)
402 (67, 35)
401 (99, 15)
400 (61, 38)
409 (56, 10)
408 (23, 100)
379 (55, 51)
378 (98, 76)
371 (25, 7)
370 (10, 96)
373 (67, 24)
372 (53, 81)
375 (10, 25)
374 (52, 86)
377 (15, 94)
376 (39, 63)
393 (94, 8)
392 (70, 59)
391 (59, 67)
89 (25, 38)
397 (55, 14)
396 (4, 84)
395 (73, 54)
394 (52, 71)
82 (66, 4)
181 (87, 34)
399 (33, 66)
81 (91, 92)
86 (67, 10)
87 (5, 53)
84 (73, 69)
85 (57, 95)
7 (68, 60)
245 (44, 94)
244 (5, 46)
247 (42, 45)
246 (21, 21)
241 (65, 82)
240 (42, 29)
243 (43, 57)
242 (76, 78)
249 (52, 16)
248 (48, 66)
458 (65, 50)
459 (79, 68)
450 (74, 74)
451 (63, 15)
452 (41, 27)
453 (30, 54)
454 (11, 97)
455 (26, 24)
456 (32, 33)
457 (4, 56)
179 (19, 42)
178 (89, 45)
177 (55, 58)
176 (94, 19)
175 (34, 65)
174 (12, 61)
173 (65, 41)
172 (10, 72)
171 (1, 23)
170 (6, 92)
253 (99, 40)
182 (11, 56)
183 (78, 14)
180 (96, 16)
2 (11, 21)
186 (15, 59)
187 (89, 72)
184 (85, 30)
185 (15, 95)
188 (18, 34)
189 (59, 72)
11 (71, 45)
10 (3, 74)
13 (49, 55)
12 (65, 64)
15 (49, 29)
14 (40, 52)
17 (27, 62)
16 (1, 17)
19 (48, 71)
18 (39, 10)
322 (0, 87)
323 (2, 14)
320 (97, 51)
321 (32, 35)
326 (26, 21)
327 (84, 8)
324 (50, 98)
325 (95, 13)
328 (58, 5)
329 (30, 38)
201 (88, 80)
200 (60, 25)
203 (60, 41)
202 (12, 89)
205 (67, 37)
204 (96, 10)
207 (62, 40)
206 (88, 20)
209 (73, 50)
208 (21, 16)
77 (71, 60)
76 (88, 52)
75 (28, 2)
74 (93, 100)
73 (13, 46)
72 (50, 47)
71 (18, 2)
70 (17, 28)
79 (18, 76)
78 (59, 40)
8 (66, 70)
120 (89, 2)
121 (14, 47)
122 (25, 49)
123 (4, 19)
124 (65, 3)
125 (47, 49)
126 (41, 81)
127 (2, 25)
128 (33, 45)
129 (83, 7)
414 (0, 43)
415 (58, 89)
416 (12, 2)
417 (67, 18)
410 (21, 8)
411 (30, 94)
412 (20, 3)
413 (53, 13)
137 (98, 38)
418 (23, 44)
419 (5, 64)
499 (10, 93)
319 (65, 26)
318 (93, 84)
313 (69, 80)
312 (40, 91)
311 (77, 63)
310 (34, 33)
317 (32, 61)
316 (16, 39)
315 (16, 15)
314 (34, 63)
139 (45, 45)
138 (85, 6)
3 (69, 36)
368 (7, 30)
369 (79, 50)
366 (31, 37)
367 (76, 16)
364 (49, 68)
365 (85, 14)
362 (45, 44)
363 (83, 17)
360 (3, 2)
361 (53, 42)
380 (23, 10)
381 (8, 53)
382 (30, 0)
383 (37, 87)
384 (81, 76)
385 (44, 59)
386 (1, 87)
387 (39, 81)
388 (36, 15)
389 (97, 27)
60 (93, 65)
61 (6, 31)
258 (40, 43)
259 (3, 2)
64 (82, 34)
65 (76, 78)
66 (73, 69)
67 (47, 28)
252 (23, 24)
69 (52, 70)
250 (40, 52)
251 (100, 99)
256 (56, 38)
257 (28, 56)
254 (94, 44)
255 (48, 18)
469 (6, 5)
468 (33, 24)
465 (93, 14)
464 (94, 21)
467 (97, 34)
466 (84, 70)
461 (62, 37)
460 (76, 42)
463 (38, 87)
462 (85, 70)
168 (13, 21)
169 (38, 21)
164 (72, 95)
165 (3, 86)
166 (11, 3)
167 (96, 55)
160 (0, 85)
161 (24, 83)
162 (10, 48)
163 (80, 80)
9 (52, 56)
357 (55, 73)
356 (54, 25)
355 (51, 82)
354 (23, 12)
353 (95, 33)
352 (90, 23)
351 (57, 25)
350 (34, 79)
359 (60, 52)
358 (97, 49)
216 (79, 35)
217 (84, 89)
214 (69, 29)
215 (19, 57)
212 (81, 53)
213 (10, 41)
210 (96, 1)
211 (44, 77)
218 (87, 36)
219 (76, 74)
289 (53, 33)
288 (4, 48)
4 (31, 8)
281 (56, 79)
280 (5, 23)
283 (11, 33)
282 (10, 47)
285 (36, 57)
284 (19, 28)
287 (71, 21)
286 (26, 68)
263 (16, 38)
262 (31, 32)
261 (85, 55)
260 (97, 33)
267 (32, 15)
266 (7, 88)
265 (64, 7)
264 (32, 28)
269 (51, 49)
268 (64, 84)
59 (26, 88)
58 (32, 2)
55 (34, 11)
54 (91, 48)
57 (70, 69)
56 (30, 10)
51 (63, 59)
62 (82, 2)
53 (62, 11)
52 (67, 13)
63 (91, 69)
50 (1, 90)
115 (94, 9)
68 (5, 3)
117 (45, 96)
116 (82, 3)
111 (3, 34)
110 (99, 17)
113 (1, 71)
112 (12, 48)
119 (10, 68)
118 (36, 2)
429 (67, 28)
428 (77, 95)
421 (82, 32)
420 (99, 21)
423 (87, 48)
422 (24, 50)
425 (26, 100)
424 (41, 80)
427 (51, 48)
426 (55, 9)
308 (13, 44)
309 (47, 16)
300 (69, 78)
301 (98, 52)
302 (64, 62)
303 (95, 24)
304 (44, 26)
305 (63, 61)
306 (13, 90)
307 (33, 33)
229 (18, 24)
228 (4, 94)
227 (69, 27)
226 (90, 61)
225 (86, 50)
224 (36, 98)
223 (6, 63)
222 (75, 20)
221 (64, 33)
220 (77, 59)
114 (63, 61)
88 (95, 95)
390 (34, 53)
151 (50, 23)
150 (80, 84)
153 (97, 30)
152 (47, 13)
155 (1, 5)
154 (56, 78)
157 (72, 19)
156 (4, 6)
159 (79, 6)
158 (40, 99)
83 (35, 67)
80 (37, 14)
398 (4, 14)
48 (2, 69)
49 (58, 92)
46 (18, 48)
47 (62, 99)
44 (67, 50)
45 (31, 45)
42 (61, 7)
43 (61, 89)
40 (10, 67)
41 (59, 48)
5 (89, 85)
489 (78, 24)
488 (75, 1)
487 (25, 1)
486 (24, 83)
485 (29, 60)
484 (78, 54)
483 (0, 17)
482 (84, 18)
481 (77, 46)
480 (16, 47)
472 (33, 36)
473 (64, 5)
470 (75, 17)
471 (81, 38)
476 (44, 51)
477 (62, 23)
474 (51, 95)
475 (68, 9)
478 (69, 16)
479 (56, 48)
