24 (10, 44)
25 (6, 32)
26 (65, 29)
27 (8, 86)
20 (71, 2)
21 (36, 29)
22 (30, 60)
23 (19, 73)
28 (67, 48)
29 (77, 93)
4 (38, 3)
8 (80, 25)
59 (74, 73)
58 (25, 48)
55 (84, 2)
54 (56, 47)
57 (87, 63)
56 (40, 55)
51 (89, 81)
50 (6, 65)
53 (22, 1)
52 (29, 84)
88 (82, 34)
89 (51, 44)
82 (49, 62)
83 (59, 56)
80 (40, 61)
81 (48, 25)
86 (27, 48)
87 (13, 74)
84 (38, 52)
85 (71, 17)
3 (42, 37)
7 (66, 44)
39 (61, 57)
38 (20, 16)
33 (52, 16)
32 (35, 4)
31 (5, 86)
30 (47, 62)
37 (51, 96)
36 (35, 47)
35 (36, 49)
34 (32, 52)
60 (19, 64)
61 (68, 11)
62 (86, 87)
63 (17, 66)
64 (95, 73)
65 (86, 28)
66 (8, 67)
67 (6, 29)
68 (90, 27)
69 (35, 44)
2 (74, 20)
6 (73, 96)
99 (46, 90)
98 (81, 91)
91 (31, 88)
90 (16, 37)
93 (26, 39)
92 (5, 50)
95 (26, 35)
94 (20, 10)
97 (64, 96)
96 (38, 73)
11 (53, 87)
10 (79, 93)
13 (68, 46)
12 (42, 89)
15 (63, 92)
14 (95, 3)
17 (55, 60)
16 (66, 69)
19 (19, 51)
18 (37, 10)
48 (84, 34)
49 (22, 83)
46 (52, 56)
47 (90, 86)
44 (78, 71)
45 (70, 78)
42 (12, 76)
43 (33, 39)
40 (15, 91)
41 (71, 17)
1 (92, 42)
5 (42, 27)
9 (11, 16)
77 (87, 82)
76 (37, 36)
75 (45, 83)
74 (28, 73)
73 (69, 76)
72 (36, 89)
71 (79, 88)
70 (26, 7)
79 (42, 79)
78 (29, 75)
