24 (0, 89)
25 (3, 43)
26 (69, 61)
27 (63, 60)
20 (58, 43)
21 (55, 92)
22 (46, 13)
23 (99, 53)
28 (11, 35)
29 (69, 68)
4 (28, 8)
8 (66, 61)
59 (52, 52)
58 (17, 29)
55 (23, 65)
54 (42, 18)
57 (93, 44)
56 (24, 49)
51 (17, 66)
50 (23, 90)
53 (41, 3)
52 (100, 69)
88 (4, 68)
89 (82, 70)
82 (87, 79)
83 (49, 86)
80 (93, 30)
81 (7, 52)
86 (20, 37)
87 (6, 3)
84 (19, 20)
85 (1, 32)
3 (56, 64)
7 (73, 83)
39 (76, 4)
38 (63, 75)
33 (53, 72)
32 (20, 19)
31 (56, 89)
30 (14, 58)
37 (81, 78)
36 (87, 18)
35 (39, 99)
34 (52, 46)
60 (88, 65)
61 (74, 57)
62 (1, 88)
63 (64, 38)
64 (65, 29)
65 (75, 26)
66 (70, 91)
67 (80, 57)
68 (99, 24)
69 (77, 45)
2 (49, 3)
6 (62, 26)
99 (55, 92)
98 (7, 100)
91 (65, 85)
90 (77, 6)
93 (83, 10)
92 (32, 31)
95 (13, 52)
94 (49, 65)
97 (36, 57)
96 (19, 46)
11 (81, 36)
10 (46, 35)
13 (70, 8)
12 (84, 62)
15 (80, 7)
14 (69, 76)
17 (86, 51)
16 (9, 27)
19 (67, 63)
18 (66, 60)
48 (58, 11)
49 (34, 27)
46 (58, 24)
47 (35, 91)
44 (53, 69)
45 (43, 28)
42 (49, 97)
43 (71, 18)
40 (14, 88)
41 (89, 22)
1 (91, 87)
5 (22, 63)
9 (11, 63)
77 (18, 26)
76 (84, 67)
75 (54, 43)
74 (26, 1)
73 (42, 33)
72 (14, 15)
71 (53, 82)
70 (57, 13)
79 (50, 4)
78 (22, 11)
